1702612182 0.0 0.0 24.99
1702612198 0.1767 1.102 27.93
1702612214 0.3001 1.5 30.85
1702612231 0.366 2.205 33.77
1702612247 0.4166 2.592 36.89
1702612263 0.451 2.75 39.4
1702612279 0.4863 3.091 41.66
1702612295 0.5211 3.25 43.85
1702612312 0.5356 3.365 46.05
1702612328 0.5105 3.25 46.61
1702612344 0.4495 2.928 46.25
1702612360 0.4303 2.75 45.43
1702612376 0.4322 2.75 45.13
1702612393 0.4327 2.75 45.09
1702612409 0.4328 2.75 45.15
1702612425 0.4327 2.75 45.25
1702612441 0.4325 2.749 45.36
1702612459 0.4323 2.75 39.85
1702632246 0.1153 0.499 24.59
1702632262 0.205 1.104 27.55
1702632278 0.3713 1.769 30.49
1702632295 0.3666 2.467 33.43
1702632311 0.4377 2.5 36.56
1702632327 0.4517 2.75 39.07
1702632343 0.5028 3.0 41.34
1702632359 0.5219 3.343 43.55
1702632376 0.5563 3.5 45.75
1702632392 0.5507 3.458 47.16
1702632408 0.4878 3.25 47.27
1702632424 0.4521 2.942 46.68
1702632440 0.4294 2.75 45.72
1702632456 0.4316 2.75 45.34
1702632473 0.4323 2.75 45.24
1702632489 0.4325 2.75 45.26
1702632505 0.4325 2.75 45.32
1702632521 0.4323 2.75 45.4
1702632538 0.4323 2.75 45.5
1702632554 0.432 2.75 45.6
1702632570 0.4318 2.75 45.7
1702632586 0.4316 2.75 45.8
1702632602 0.4314 2.75 45.89
1702632618 0.4312 2.75 45.98
1702632635 0.431 2.75 46.07
1702632651 0.3907 2.5 45.36
1702632667 0.3923 2.5 45.0
1702632683 0.393 2.5 44.84
1702632699 0.3934 2.5 44.77
1702632715 0.3935 2.5 44.73
1702632732 0.3936 2.5 44.71
1702632748 0.3936 2.5 44.71
1702632764 0.3937 2.5 44.73
1702632780 0.3937 2.5 44.73
1702632797 0.3937 2.5 44.74
1702632813 0.3936 2.5 44.76
1702632829 0.3936 2.5 44.77
1702632845 0.3936 2.5 44.78
1702632861 0.3936 2.5 44.78
1702632877 0.3936 2.5 44.79
1702632894 0.3936 2.5 44.8
1702632910 0.3935 2.5 44.82
1702632926 0.3935 2.5 44.83
1702632942 0.3935 2.5 44.84
1702632958 0.3935 2.5 44.86
1702632975 0.3934 2.5 44.87
1702632991 0.3933 2.5 45.0
1702633007 0.3932 2.5 45.09
1702633023 0.393 2.5 45.14
1702633039 0.3929 2.5 45.17
1702633056 0.3929 2.5 45.2
1702633072 0.3928 2.5 45.22
1702633088 0.3928 2.5 45.24
1702633104 0.3928 2.5 45.25
1702633120 0.3928 2.5 45.27
1702633137 0.3928 2.5 45.28
1702633153 0.3927 2.5 45.29
1702633169 0.3928 2.5 45.3
1702633185 0.3927 2.5 45.31
1702633201 0.3927 2.5 45.32
1702633218 0.3927 2.5 45.32
1702633234 0.3927 2.5 45.33
1702633250 0.3927 2.5 45.33
1702633266 0.3926 2.5 45.33
1702633282 0.3927 2.5 45.34
1702633299 0.3927 2.5 45.34
1702633315 0.3927 2.5 45.34
1702633331 0.3927 2.5 45.34
1702633347 0.3927 2.5 45.33
1702633363 0.3927 2.5 45.33
1702633380 0.3927 2.5 45.33
1702633396 0.3927 2.5 45.33
1702633412 0.3927 2.5 45.32
1702633428 0.3928 2.5 45.32
1702633444 0.3927 2.5 45.32
1702633460 0.3928 2.5 45.31
1702633477 0.3928 2.5 45.3
1702633493 0.3928 2.5 45.3
1702633509 0.3928 2.5 45.29
1702633525 0.3928 2.5 45.28
1702633541 0.3929 2.5 45.14
1702633558 0.3932 2.5 45.05
1702633574 0.3933 2.5 45.01
1702633590 0.3934 2.5 44.98
1702633606 0.3934 2.5 44.96
1702633622 0.3935 2.5 44.94
1702633639 0.3935 2.5 44.92
1702633655 0.3936 2.5 44.91
1702633671 0.3936 2.5 44.89
1702633687 0.3936 2.5 44.88
1702633703 0.3936 2.5 44.87
1702633720 0.3936 2.5 44.85
1702633736 0.3936 2.5 44.84
1702633752 0.3936 2.5 44.83
1702633768 0.3937 2.5 44.82
1702633784 0.3937 2.5 44.81
1702633801 0.3936 2.5 44.81
1702633817 0.3937 2.5 44.8
1702633833 0.3937 2.5 44.79
1702633849 0.3937 2.5 44.78
1702633865 0.3937 2.5 44.78
1702633882 0.3937 2.5 44.77
1702633898 0.3937 2.5 44.77
1702633914 0.3937 2.5 44.76
1702633930 0.3937 2.5 44.76
1702633946 0.3938 2.5 44.75
1702633963 0.3937 2.5 44.82
1702633979 0.3936 2.5 44.92
1702633995 0.3935 2.5 44.96
1702634011 0.3935 2.5 44.98
1702634027 0.3934 2.5 44.99
1702634044 0.3934 2.5 45.0
1702634060 0.3934 2.5 45.0
1702634076 0.3934 2.5 45.0
1702634092 0.3935 2.5 45.0
1702634108 0.3934 2.5 44.99
1702634125 0.3935 2.5 44.99
1702634141 0.3935 2.5 44.99
1702634157 0.3935 2.5 44.99
1702634173 0.3934 2.5 45.02
1702634189 0.3934 2.5 45.03
1702634206 0.3934 2.5 45.03
1702634222 0.3934 2.5 45.02
1702634238 0.3936 2.5 44.84
1702634254 0.3939 2.5 44.74
1702634271 0.394 2.5 44.69
1702634287 0.394 2.5 44.66
1702634303 0.3941 2.5 44.63
1702634319 0.3942 2.5 44.61
1702634335 0.3942 2.5 44.58
1702634351 0.3944 2.5 44.57
1702634368 0.3943 2.5 44.55
1702634384 0.3944 2.5 44.53
1702634400 0.3944 2.5 44.52
1702634416 0.3944 2.5 44.5
1702634432 0.3944 2.5 44.49
1702634449 0.3944 2.5 44.48
1702634465 0.3944 2.5 44.47
1702634481 0.3945 2.5 44.46
1702634497 0.3945 2.5 44.45
1702634514 0.3945 2.5 44.44
1702634530 0.3945 2.5 44.51
1702634546 0.3943 2.5 44.66
1702634562 0.3941 2.5 44.7
1702634578 0.3941 2.5 44.73
1702634595 0.394 2.5 44.74
1702634611 0.394 2.5 44.75
1702634627 0.394 2.5 44.75
1702634643 0.394 2.5 44.75
1702634659 0.394 2.5 44.75
1702634675 0.394 2.5 44.75
1702634692 0.394 2.5 44.75
1702634708 0.394 2.5 44.75
1702634724 0.394 2.5 44.74
1702634740 0.394 2.5 44.73
1702634756 0.394 2.5 44.72
1702634773 0.3941 2.5 44.72
1702634789 0.3942 2.5 44.71
1702634805 0.3941 2.5 44.7
1702634821 0.3941 2.5 44.69
1702634837 0.3942 2.5 44.68
1702634854 0.3942 2.5 44.67
1702634870 0.3943 2.5 44.66
1702634886 0.3943 2.5 44.65
1702634902 0.3943 2.5 44.64
1702634919 0.3943 2.5 44.62
1702634935 0.3944 2.5 44.61
1702634951 0.3944 2.5 44.6
1702634967 0.3944 2.5 44.59
1702634983 0.3944 2.5 44.57
1702634999 0.3944 2.5 44.56
1702635016 0.3944 2.5 44.54
1702635032 0.3945 2.5 44.53
1702635048 0.3946 2.5 44.51
1702635064 0.3946 2.5 44.5
1702635080 0.3946 2.5 44.49
1702635097 0.3947 2.5 44.47
1702635113 0.3947 2.5 44.45
1702635129 0.3947 2.5 44.44
1702635145 0.3947 2.5 44.42
1702635161 0.3948 2.5 44.41
1702635178 0.3949 2.5 44.39
1702635194 0.3949 2.5 44.38
1702635210 0.3949 2.5 44.36
1702635226 0.395 2.5 44.34
1702635243 0.395 2.5 44.33
1702635259 0.395 2.5 44.31
1702635275 0.3951 2.5 44.29
1702635291 0.3951 2.5 44.28
1702635307 0.3951 2.5 44.26
1702635324 0.3951 2.5 44.25
1702635340 0.3952 2.5 44.23
1702635356 0.3952 2.5 44.22
1702635372 0.3953 2.5 44.2
1702635388 0.3953 2.5 44.18
1702635404 0.3953 2.5 44.17
1702635421 0.3954 2.5 44.15
1702635437 0.3954 2.5 44.13
1702635453 0.3954 2.5 44.12
1702635469 0.3954 2.5 44.1
1702635485 0.3955 2.5 44.08
1702635502 0.4158 2.5 43.92
1702635518 0.4364 2.75 44.6
1702635534 0.4346 2.75 44.98
1702635550 0.4339 2.75 45.16
1702635566 0.4335 2.75 45.27
1702635583 0.4332 2.75 45.35
1702635599 0.4331 2.75 45.4
1702635615 0.433 2.75 45.44
1702635631 0.4328 2.75 45.47
1702635647 0.4327 2.75 45.5
1702635663 0.4327 2.75 45.52
1702635680 0.4327 2.75 45.54
1702635696 0.4327 2.75 45.56
1702635712 0.4326 2.75 45.57
1702635728 0.4326 2.75 45.62
1702635744 0.4323 2.75 45.81
1702635761 0.4321 2.75 45.88
1702635777 0.432 2.75 45.92
1702635793 0.432 2.75 45.95
1702635809 0.4319 2.75 45.98
1702635825 0.4113 2.721 46.0
1702635841 0.3914 2.5 45.21
1702635858 0.3933 2.5 44.78
1702635874 0.3941 2.5 44.56
1702635890 0.3945 2.5 44.42
1702635906 0.3948 2.5 44.32
1702635922 0.3951 2.5 44.25
1702635939 0.3953 2.5 44.19
1702635955 0.3954 2.5 44.14
1702635971 0.3955 2.5 44.09
1702635987 0.3956 2.5 44.05
1702636003 0.3957 2.5 44.01
1702636020 0.3958 2.583 43.97
1702636036 0.4363 2.75 44.74
1702636052 0.4345 2.75 45.16
1702636068 0.4337 2.75 45.36
1702636085 0.4332 2.75 45.47
1702636101 0.433 2.75 45.55
1702636117 0.4328 2.75 45.61
1702636133 0.4327 2.75 45.65
1702636149 0.4326 2.75 45.68
1702636166 0.4325 2.75 45.71
1702636182 0.4325 2.75 45.73
1702636198 0.4324 2.75 45.74
1702636214 0.4324 2.75 45.76
1702636230 0.4324 2.75 45.77
1702636247 0.4323 2.75 45.77
1702636263 0.4324 2.75 45.78
1702636279 0.4323 2.75 45.79
1702636295 0.4323 2.75 45.79
1702636311 0.4323 2.75 45.79
1702636328 0.4323 2.75 45.79
1702636344 0.4323 2.75 45.79
1702636360 0.4323 2.75 45.79
1702636376 0.4323 2.75 45.79
1702636392 0.4323 2.75 45.79
1702636408 0.4323 2.75 45.79
1702636425 0.4323 2.75 45.79
1702636441 0.4323 2.75 45.79
1702636457 0.4323 2.75 45.78
1702636473 0.4324 2.75 45.78
1702636489 0.4323 2.75 45.78
1702636506 0.4324 2.75 45.77
1702636522 0.4324 2.75 45.77
1702636538 0.4324 2.75 45.76
1702636554 0.4324 2.75 45.76
1702636570 0.4324 2.75 45.75
1702636587 0.4324 2.75 45.74
1702636603 0.4325 2.75 45.74
1702636619 0.4325 2.75 45.73
1702636635 0.4326 2.75 45.73
1702636651 0.4325 2.75 45.72
1702636667 0.4325 2.75 45.71
1702636684 0.4325 2.75 45.71
1702636700 0.4327 2.75 45.7
1702636716 0.4326 2.75 45.69
1702636732 0.4326 2.75 45.68
1702636748 0.4327 2.75 45.68
1702636765 0.4327 2.75 45.67
1702636781 0.4327 2.75 45.66
1702636797 0.4327 2.75 45.65
1702636813 0.4327 2.75 45.64
1702636829 0.4327 2.75 45.63
1702636846 0.4327 2.75 45.63
1702636862 0.4328 2.75 45.62
1702636878 0.4327 2.75 45.61
1702636894 0.4328 2.75 45.6
1702636910 0.4328 2.75 45.6
1702636927 0.4328 2.75 45.59
1702636943 0.4329 2.75 45.58
1702636959 0.4329 2.75 45.57
1702636975 0.4329 2.75 45.56
1702636991 0.4329 2.75 45.56
1702637008 0.433 2.75 45.55
1702637024 0.433 2.75 45.54
1702637040 0.4331 2.75 45.53
1702637056 0.4331 2.75 45.52
1702637072 0.4331 2.75 45.51
1702637089 0.4331 2.75 45.5
1702637105 0.4331 2.75 45.49
1702637121 0.4331 2.75 45.48
1702637137 0.4331 2.75 45.48
1702637153 0.4331 2.75 45.47
1702637170 0.4331 2.75 45.46
1702637186 0.4332 2.75 45.45
1702637202 0.4332 2.75 45.44
1702637218 0.4333 2.75 45.43
1702637234 0.4332 2.75 45.42
1702637251 0.4333 2.75 45.41
1702637267 0.4333 2.75 45.4
1702637283 0.4333 2.75 45.4
1702637299 0.4334 2.75 45.39
1702637315 0.4334 2.75 45.38
1702637331 0.4334 2.75 45.37
1702637348 0.4334 2.75 45.36
1702637364 0.4334 2.75 45.35
1702637380 0.4334 2.75 45.34
1702637396 0.4334 2.75 45.33
1702637412 0.4334 2.75 45.32
1702637429 0.4335 2.75 45.31
1702637445 0.4335 2.75 45.3
1702637461 0.4335 2.75 45.29
1702637477 0.4336 2.75 45.28
1702637493 0.4336 2.75 45.28
1702637510 0.4337 2.75 45.27
1702637526 0.4336 2.75 45.26
1702637542 0.4337 2.75 45.25
1702637558 0.4337 2.75 45.24
1702637574 0.4337 2.75 45.23
1702637591 0.4337 2.75 45.23
1702637607 0.4338 2.75 45.22
1702637623 0.4338 2.75 45.21
1702637639 0.4338 2.75 45.2
1702637655 0.4338 2.75 45.19
1702637672 0.4338 2.75 45.18
1702637688 0.4338 2.75 45.17
1702637704 0.4339 2.75 45.16
1702637720 0.4339 2.75 45.16
1702637736 0.4339 2.75 45.15
1702637753 0.434 2.75 45.14
1702637769 0.434 2.75 45.13
1702637785 0.434 2.75 45.12
1702637801 0.434 2.75 45.11
1702637817 0.434 2.75 45.11
1702637834 0.4341 2.75 45.1
1702637850 0.434 2.75 45.09
1702637866 0.4341 2.75 45.08
1702637882 0.4341 2.75 45.07
1702637898 0.4342 2.75 45.06
1702637915 0.4342 2.75 45.05
1702637931 0.4342 2.75 45.04
1702637947 0.4342 2.75 45.04
1702637963 0.4342 2.75 45.03
1702637979 0.4342 2.75 45.02
1702637996 0.4342 2.75 45.01
1702638012 0.4342 2.75 45.0
1702638028 0.4343 2.75 44.99
1702638044 0.4343 2.75 44.99
1702638060 0.4343 2.75 44.98
1702638077 0.4343 2.75 44.97
1702638093 0.4344 2.75 44.96
1702638109 0.4344 2.75 44.95
1702638125 0.4345 2.75 44.94
1702638141 0.4345 2.75 44.94
1702638157 0.4346 2.75 44.74
1702638174 0.4349 2.75 44.64
1702638190 0.435 2.75 44.6
1702638206 0.4352 2.75 44.56
1702638222 0.4352 2.75 44.54
1702638238 0.4353 2.75 44.52
1702638255 0.4353 2.75 44.5
1702638271 0.4353 2.75 44.49
1702638287 0.4353 2.75 44.47
1702638303 0.4353 2.75 44.46
1702638319 0.4353 2.75 44.45
1702638336 0.4354 2.75 44.44
1702638352 0.4354 2.75 44.43
1702638368 0.4355 2.75 44.42
1702638384 0.4353 2.75 44.55
1702638400 0.4351 2.75 44.65
1702638417 0.435 2.75 44.69
1702638433 0.4349 2.75 44.71
1702638449 0.4349 2.75 44.72
1702638465 0.4349 2.75 44.72
1702638481 0.4349 2.75 44.73
1702638497 0.4349 2.75 44.73
1702638514 0.4349 2.75 44.73
1702638530 0.4349 2.75 44.73
1702638546 0.4349 2.75 44.73
1702638562 0.435 2.75 44.61
1702638578 0.4353 2.75 44.48
1702638595 0.4354 2.75 44.42
1702638611 0.4355 2.75 44.39
1702638627 0.4356 2.75 44.37
1702638643 0.4356 2.75 44.36
1702638659 0.4356 2.75 44.46
1702638675 0.4353 2.75 44.57
1702638692 0.4352 2.75 44.61
1702638708 0.4352 2.75 44.63
1702638724 0.4351 2.75 44.64
1702638740 0.4352 2.75 44.65
1702638756 0.4351 2.75 44.65
1702638773 0.4351 2.75 44.66
1702638789 0.4351 2.75 44.66
1702638805 0.4351 2.75 44.66
1702638821 0.4351 2.75 44.66
1702638837 0.4351 2.75 44.65
1702638854 0.4351 2.75 44.65
1702638870 0.4351 2.75 44.65
1702638886 0.4351 2.75 44.65
1702638902 0.4351 2.75 44.65
1702638918 0.4351 2.75 44.64
1702638934 0.4351 2.75 44.64
1702638951 0.4351 2.75 44.64
1702638967 0.4351 2.75 44.64
1702638983 0.4352 2.75 44.63
1702638999 0.4352 2.75 44.63
1702639015 0.4352 2.75 44.63
1702639032 0.4352 2.75 44.62
1702639048 0.4353 2.75 44.62
1702639064 0.4352 2.75 44.61
1702639080 0.4352 2.75 44.61
1702639096 0.4352 2.75 44.6
1702639113 0.4352 2.75 44.6
1702639129 0.4353 2.75 44.59
1702639145 0.4353 2.75 44.59
1702639161 0.4352 2.75 44.59
1702639177 0.4353 2.75 44.58
1702639194 0.4353 2.75 44.58
1702639210 0.4353 2.75 44.57
1702639226 0.4353 2.75 44.57
1702639242 0.4353 2.75 44.56
1702639258 0.4353 2.75 44.56
1702639274 0.4353 2.75 44.55
1702639291 0.4354 2.75 44.54
1702639307 0.4354 2.75 44.54
1702639323 0.4354 2.75 44.53
1702639339 0.4355 2.75 44.53
1702639355 0.4355 2.75 44.52
1702639372 0.4355 2.75 44.51
1702639388 0.4355 2.75 44.51
1702639404 0.4355 2.75 44.5
1702639420 0.4355 2.75 44.5
1702639436 0.4355 2.75 44.49
1702639453 0.4355 2.75 44.48
1702639469 0.4356 2.75 44.47
1702639485 0.4356 2.75 44.47
1702639501 0.4356 2.75 44.46
1702639517 0.4356 2.75 44.45
1702639534 0.4356 2.75 44.45
1702639550 0.4356 2.75 44.44
1702639566 0.4356 2.75 44.43
1702639582 0.4356 2.75 44.42
1702639598 0.4356 2.75 44.42
1702639615 0.4356 2.75 44.41
1702639631 0.4356 2.75 44.4
1702639647 0.4357 2.75 44.4
1702639663 0.4357 2.75 44.39
1702639679 0.4358 2.75 44.38
1702639696 0.4358 2.75 44.38
1702639712 0.4358 2.75 44.37
1702639728 0.4358 2.75 44.36
1702639744 0.4359 2.75 44.36
1702639761 0.4359 2.75 44.35
1702639777 0.4359 2.75 44.34
1702639793 0.4359 2.75 44.33
1702639809 0.4359 2.75 44.33
1702639825 0.4359 2.75 44.32
1702639841 0.4359 2.75 44.31
1702639858 0.436 2.75 44.31
1702639874 0.436 2.75 44.3
1702639890 0.436 2.75 44.29
1702639906 0.436 2.75 44.28
1702639922 0.436 2.75 44.28
1702639939 0.436 2.75 44.27
1702639955 0.436 2.75 44.26
1702639971 0.4361 2.75 44.25
1702639987 0.4361 2.75 44.25
1702640003 0.4361 2.75 44.24
1702640020 0.4361 2.75 44.23
1702640036 0.4362 2.75 44.23
1702640052 0.4362 2.75 44.22
1702640068 0.4361 2.75 44.21
1702640084 0.4362 2.75 44.2
1702640100 0.4362 2.75 44.2
1702640117 0.4362 2.75 44.19
1702640133 0.4362 2.75 44.18
1702640149 0.4363 2.75 44.17
1702640165 0.4363 2.75 44.17
1702640181 0.4363 2.75 44.16
1702640198 0.4363 2.75 44.15
1702640214 0.4363 2.75 44.15
1702640230 0.4363 2.75 44.14
1702640246 0.4363 2.75 44.13
1702640262 0.4363 2.75 44.13
1702640278 0.4363 2.75 44.12
1702640295 0.4365 2.751 44.12
1702640311 0.4364 2.75 44.11
1702640327 0.4364 2.75 44.1
1702640343 0.4364 2.75 44.09
1702640359 0.4364 2.75 44.09
1702640376 0.4364 2.75 44.08
1702640392 0.4364 2.75 44.07
1702640408 0.4365 2.75 44.07
1702640424 0.4366 2.75 44.06
1702640440 0.4365 2.75 44.06
1702640457 0.4365 2.75 44.05
1702640473 0.4366 2.75 44.04
1702640489 0.4366 2.75 44.04
1702640505 0.4365 2.75 44.03
1702640521 0.4367 2.75 44.02
1702640537 0.4366 2.75 44.01
1702640554 0.4366 2.75 44.01
1702640570 0.4495 2.929 44.0
1702640586 0.4772 3.0 44.83
1702640602 0.4751 3.0 45.28
1702640618 0.4742 3.0 45.51
1702640635 0.4737 3.0 45.66
1702640651 0.4732 3.0 45.76
1702640667 0.4731 3.0 45.84
1702640683 0.4729 3.0 45.9
1702640699 0.4728 3.0 45.96
1702640715 0.4524 3.0 46.0
1702640732 0.4321 2.75 45.21
1702640748 0.4342 2.75 44.79
1702640764 0.4349 2.75 44.58
1702640780 0.4353 2.75 44.46
1702640796 0.4356 2.75 44.37
1702640813 0.4359 2.75 44.31
1702640829 0.436 2.75 44.26
1702640845 0.4362 2.75 44.22
1702640861 0.4362 2.75 44.19
1702640877 0.4363 2.75 44.16
1702640893 0.4364 2.75 44.13
1702640910 0.4364 2.75 44.11
1702640926 0.4365 2.75 44.09
1702640942 0.4366 2.75 44.07
1702640958 0.4366 2.75 44.05
1702640974 0.4367 2.75 44.04
1702640991 0.4367 2.75 44.02
1702641007 0.4367 2.75 44.01
1702641023 0.4569 2.75 43.99
1702641039 0.4772 3.0 44.81
1702641055 0.4751 3.0 45.25
1702641072 0.4743 3.0 45.48
1702641088 0.4738 3.0 45.62
1702641104 0.4734 3.0 45.72
1702641120 0.4732 3.0 45.79
1702641136 0.4731 3.0 45.85
1702641153 0.4729 3.0 45.9
1702641169 0.4728 3.0 45.94
1702641185 0.4727 3.0 45.98
1702641201 0.4569 3.0 46.01
1702641217 0.4322 2.75 45.21
1702641234 0.4342 2.75 44.78
1702641250 0.435 2.75 44.56
1702641266 0.4355 2.75 44.43
1702641282 0.4357 2.75 44.34
1702641298 0.436 2.75 44.27
1702641314 0.4362 2.75 44.21
1702641331 0.4363 2.75 44.17
1702641347 0.4363 2.75 44.13
1702641363 0.4364 2.75 44.1
1702641379 0.4364 2.75 44.07
1702641395 0.4367 2.75 44.05
1702641411 0.4367 2.75 44.03
1702641428 0.4367 2.947 44.0
1702641444 0.4772 3.0 44.82
1702641460 0.4752 3.0 45.25
1702641476 0.4743 3.0 45.47
1702641493 0.4739 3.0 45.61
1702641509 0.4735 3.0 45.71
1702641525 0.4732 3.0 45.78
1702641541 0.4731 3.0 45.83
1702641557 0.473 3.0 45.88
1702641573 0.4729 3.0 45.91
1702641590 0.4728 3.0 45.95
1702641606 0.4727 3.0 45.98
1702641622 0.4524 2.947 46.0
1702641638 0.4322 2.75 45.2
1702641654 0.4342 2.75 44.76
1702641671 0.4352 2.751 44.54
1702641687 0.4355 2.75 44.41
1702641703 0.4358 2.75 44.31
1702641719 0.436 2.75 44.24
1702641735 0.4363 2.75 44.19
1702641752 0.4364 2.75 44.14
1702641768 0.4365 2.75 44.1
1702641784 0.4366 2.75 44.07
1702641800 0.4366 2.75 44.04
1702641816 0.4366 2.75 44.01
1702641833 0.4569 2.75 43.99
1702641849 0.4772 3.0 44.8
1702641865 0.4752 3.0 45.23
1702641881 0.4744 3.0 45.45
1702641897 0.4739 3.0 45.59
1702641913 0.4736 3.0 45.68
1702641930 0.4734 3.0 45.75
1702641946 0.4732 3.0 45.81
1702641962 0.4731 3.0 45.85
1702641978 0.4729 3.0 45.89
1702641994 0.4729 3.0 45.92
1702642011 0.4728 3.0 45.95
1702642027 0.4728 3.0 45.97
1702642043 0.4726 3.0 45.99
1702642059 0.4524 3.0 46.01
1702642075 0.4322 2.75 45.2
1702642091 0.4342 2.75 44.76
1702642108 0.4351 2.75 44.54
1702642124 0.4356 2.75 44.4
1702642140 0.4359 2.75 44.3
1702642156 0.4361 2.75 44.23
1702642172 0.4363 2.75 44.17
1702642189 0.4364 2.75 44.13
1702642205 0.4366 2.75 44.08
1702642221 0.4367 2.75 44.05
1702642237 0.4367 2.75 44.02
1702642253 0.4367 2.75 43.99
1702642270 0.4773 3.0 44.79
1702642286 0.4753 3.0 45.22
1702642302 0.4744 3.0 45.44
1702642318 0.474 3.0 45.57
1702642334 0.4736 3.0 45.66
1702642350 0.4734 3.0 45.73
1702642367 0.4732 3.0 45.78
1702642383 0.4731 3.0 45.83
1702642399 0.473 3.0 45.86
1702642415 0.4729 3.0 45.89
1702642431 0.4729 3.0 45.92
1702642448 0.4728 3.0 45.94
1702642464 0.4728 3.0 45.96
1702642480 0.4727 3.0 45.98
1702642496 0.4727 2.954 46.0
1702642512 0.4323 2.75 45.19
1702642529 0.4342 2.75 44.75
1702642545 0.4352 2.75 44.52
1702642561 0.4356 2.75 44.38
1702642577 0.436 2.75 44.28
1702642593 0.4363 2.75 44.21
1702642610 0.4364 2.75 44.15
1702642626 0.4364 2.75 44.1
1702642642 0.4366 2.75 44.06
1702642658 0.4367 2.75 44.02
1702642674 0.4368 2.811 43.98
1702642690 0.4772 3.0 44.78
1702642707 0.4753 3.0 45.21
1702642723 0.4744 3.0 45.43
1702642739 0.474 3.0 45.56
1702642755 0.4737 3.0 45.65
1702642771 0.4735 3.0 45.71
1702642788 0.4733 3.0 45.76
1702642804 0.4732 3.0 45.8
1702642820 0.4732 3.0 45.84
1702642836 0.4731 3.0 45.86
1702642852 0.4729 3.0 45.89
1702642868 0.4729 3.0 45.91
1702642885 0.4729 3.0 45.93
1702642901 0.4728 3.0 45.95
1702642917 0.4728 3.0 45.96
1702642933 0.4727 3.0 45.98
1702642949 0.4726 3.0 45.99
1702642966 0.4525 3.0 46.0
1702642982 0.4323 2.75 45.19
1702642998 0.4344 2.75 44.74
1702643014 0.4352 2.75 44.51
1702643030 0.4356 2.75 44.37
1702643047 0.436 2.75 44.26
1702643063 0.4362 2.75 44.19
1702643079 0.4363 2.75 44.12
1702643095 0.4365 2.75 44.07
1702643111 0.4367 2.75 44.03
1702643127 0.4517 2.934 43.99
1702643144 0.4773 3.0 44.79
1702643160 0.4754 3.0 45.21
1702643176 0.4745 3.0 45.42
1702643193 0.474 3.0 45.54
1702643209 0.4737 3.0 45.63
1702643225 0.4736 3.0 45.69
1702643241 0.4734 3.0 45.74
1702643257 0.4732 3.0 45.78
1702643274 0.4732 3.0 45.81
1702643290 0.4731 3.0 45.83
1702643306 0.473 3.0 45.86
1702643322 0.473 3.0 45.88
1702643338 0.473 3.0 45.89
1702643355 0.4729 3.0 45.91
1702643371 0.4729 3.0 45.92
1702643387 0.4729 3.0 45.94
1702643403 0.4729 3.0 45.95
1702643419 0.4729 3.0 45.96
1702643436 0.4728 3.0 45.97
1702643452 0.4728 3.0 45.98
1702643468 0.4728 3.0 45.99
1702643484 0.4525 3.0 46.0
1702643500 0.4323 2.75 45.17
1702643517 0.4344 2.75 44.73
1702643533 0.4353 2.75 44.49
1702643549 0.4357 2.75 44.35
1702643565 0.4361 2.75 44.24
1702643581 0.4363 2.75 44.16
1702643597 0.4365 2.75 44.1
1702643614 0.4367 2.75 44.04
1702643630 0.4367 2.852 43.99
1702643646 0.4773 3.0 44.79
1702643662 0.4754 3.0 45.21
1702643678 0.4746 3.0 45.41
1702643695 0.4741 3.0 45.53
1702643711 0.4738 3.0 45.61
1702643727 0.4736 3.0 45.67
1702643743 0.4735 3.0 45.72
1702643759 0.4734 3.0 45.75
1702643776 0.4733 3.0 45.78
1702643792 0.4732 3.0 45.8
1702643808 0.4731 3.0 45.82
1702643824 0.4731 3.0 45.84
1702643840 0.4731 3.0 45.86
1702643856 0.473 3.0 45.87
1702643873 0.473 3.0 45.88
1702643889 0.473 3.0 45.89
1702643905 0.4729 3.0 45.9
1702643921 0.4729 3.0 45.91
1702643937 0.4729 3.0 45.92
1702643954 0.4729 3.0 45.93
1702643970 0.4729 3.0 45.94
1702643986 0.4729 3.0 45.95
1702644002 0.4729 3.0 45.95
1702644018 0.4729 3.0 45.96
1702644035 0.4728 3.0 45.96
1702644051 0.4728 3.0 45.97
1702644067 0.4728 3.0 45.97
1702644083 0.4728 3.0 45.98
1702644099 0.4728 3.0 45.98
1702644115 0.4728 3.0 45.99
1702644132 0.4728 3.0 45.99
1702644148 0.4728 3.0 45.99
1702644164 0.457 2.984 46.0
1702644180 0.4323 2.75 45.17
1702644196 0.4344 2.75 44.71
1702644213 0.4353 2.75 44.48
1702644229 0.4358 2.75 44.33
1702644245 0.4361 2.75 44.22
1702644261 0.4363 2.75 44.13
1702644277 0.4366 2.75 44.06
1702644293 0.4368 2.75 44.01
1702644310 0.4571 2.838 43.96
1702644326 0.4776 3.0 44.75
1702644342 0.4755 3.0 45.16
1702644358 0.4747 3.0 45.36
1702644374 0.4743 3.0 45.48
1702644391 0.474 3.0 45.56
1702644407 0.4739 3.0 45.62
1702644423 0.4736 3.0 45.66
1702644439 0.4736 3.0 45.69
1702644455 0.4735 3.0 45.72
1702644471 0.4734 3.0 45.74
1702644488 0.4733 3.0 45.76
1702644504 0.4733 3.0 45.78
1702644520 0.4733 3.0 45.79
1702644536 0.4732 3.0 45.81
1702644552 0.4732 3.0 45.82
1702644569 0.4732 3.0 45.83
1702644585 0.4732 3.0 45.84
1702644601 0.4732 3.0 45.85
1702644617 0.4731 3.0 45.86
1702644633 0.4731 3.0 45.86
1702644650 0.4731 3.0 45.87
1702644666 0.4731 3.0 45.87
1702644682 0.473 3.0 45.88
1702644698 0.4731 3.0 45.89
1702644714 0.473 3.0 45.89
1702644730 0.4731 3.0 45.89
1702644747 0.473 3.0 45.9
1702644763 0.473 3.0 45.9
1702644779 0.473 3.0 45.9
1702644795 0.473 3.0 45.91
1702644811 0.473 3.0 45.91
1702644827 0.473 3.0 45.91
1702644844 0.473 3.0 45.91
1702644860 0.473 3.0 45.92
1702644876 0.4729 3.0 45.92
1702644892 0.4729 3.0 45.92
1702644908 0.473 3.0 45.92
1702644925 0.4729 3.0 45.92
1702644941 0.4729 3.0 45.92
1702644957 0.4729 3.0 45.92
1702644973 0.473 3.0 45.93
1702644989 0.473 3.0 45.93
1702645006 0.4729 3.0 45.93
1702645022 0.473 3.0 45.93
1702645038 0.4729 3.0 45.93
1702645054 0.4729 3.0 45.93
1702645070 0.4729 3.0 45.93
1702645086 0.4729 3.0 45.93
1702645103 0.4729 3.0 45.93
1702645119 0.473 3.0 45.93
1702645135 0.473 3.0 45.93
1702645151 0.4729 3.0 45.93
1702645167 0.473 3.0 45.93
1702645183 0.473 3.0 45.93
1702645200 0.473 3.0 45.93
1702645216 0.473 3.0 45.93
1702645232 0.473 3.0 45.93
1702645248 0.4731 3.0 45.93
1702645264 0.4729 3.0 45.93
1702645281 0.473 3.0 45.93
1702645297 0.4729 3.0 45.93
1702645313 0.473 3.0 45.93
1702645329 0.473 3.0 45.92
1702645345 0.473 3.0 45.92
1702645362 0.473 3.0 45.92
1702645378 0.473 3.0 45.92
1702645394 0.473 3.0 45.92
1702645410 0.473 3.0 45.92
1702645426 0.473 3.0 45.92
1702645442 0.473 3.0 45.92
1702645459 0.473 3.0 45.92
1702645475 0.473 3.0 45.92
1702645491 0.473 3.0 45.92
1702645507 0.473 3.0 45.91
1702645523 0.473 3.0 45.91
1702645540 0.473 3.0 45.91
1702645556 0.473 3.0 45.91
1702645572 0.473 3.0 45.91
1702645588 0.4729 3.0 45.91
1702645604 0.473 3.0 45.91
1702645621 0.473 3.0 45.91
1702645637 0.473 3.0 45.91
1702645653 0.473 3.0 45.9
1702645669 0.473 3.0 45.9
1702645685 0.473 3.0 45.9
1702645701 0.473 3.0 45.9
1702645718 0.4731 3.0 45.9
1702645734 0.473 3.0 45.9
1702645750 0.4731 3.0 45.9
1702645766 0.4731 3.0 45.9
1702645782 0.4731 3.0 45.9
1702645798 0.4731 3.0 45.89
1702645815 0.4731 3.0 45.89
1702645831 0.473 3.0 45.89
1702645847 0.473 3.0 45.89
1702645863 0.473 3.0 45.89
1702645879 0.473 3.0 45.89
1702645896 0.4731 3.0 45.89
1702645912 0.4731 3.0 45.88
1702645928 0.4731 3.0 45.88
1702645944 0.473 3.0 45.88
1702645961 0.4731 3.0 45.88
1702645977 0.4731 3.0 45.88
1702645993 0.4731 3.0 45.88
1702646009 0.4732 3.0 45.88
1702646025 0.4732 3.0 45.88
1702646041 0.4731 3.0 45.88
1702646058 0.4732 3.0 45.87
1702646074 0.4732 3.0 45.87
1702646090 0.4732 3.0 45.87
1702646106 0.4731 3.0 45.87
1702646122 0.4731 3.0 45.87
1702646138 0.4732 3.0 45.87
1702646155 0.4731 3.0 45.86
1702646171 0.4732 3.0 45.87
1702646187 0.4731 3.0 45.86
1702646203 0.4732 3.0 45.86
1702646219 0.4731 3.0 45.86
1702646236 0.4732 3.0 45.86
1702646252 0.4732 3.0 45.86
1702646268 0.4731 3.0 45.86
1702646284 0.4731 3.0 45.86
1702646300 0.4732 3.0 45.85
1702646317 0.4732 3.0 45.85
1702646333 0.4732 3.0 45.85
1702646349 0.4732 3.0 45.85
1702646365 0.4732 3.0 45.85
1702646381 0.4732 3.0 45.85
1702646398 0.4732 3.0 45.85
1702646414 0.4732 3.0 45.84
1702646430 0.4732 3.0 45.84
1702646446 0.4732 3.0 45.84
1702646462 0.4732 3.0 45.84
1702646479 0.4732 3.0 45.84
1702646495 0.4732 3.0 45.84
1702646511 0.4732 3.0 45.84
1702646527 0.4732 3.0 45.84
1702646543 0.4732 3.0 45.83
1702646560 0.4732 3.0 45.83
1702646576 0.4732 3.0 45.83
1702646592 0.4732 3.0 45.83
1702646608 0.4733 3.0 45.83
1702646624 0.4733 3.001 45.83
1702646641 0.4732 3.0 45.83
1702646657 0.4733 3.0 45.83
1702646673 0.4732 3.0 45.82
1702646689 0.4732 3.0 45.82
1702646705 0.4732 3.0 45.82
1702646721 0.4732 3.0 45.82
1702646738 0.4732 3.0 45.82
1702646754 0.4732 3.0 45.81
1702646770 0.4732 3.0 45.81
1702646786 0.4732 3.0 45.81
1702646802 0.4732 3.0 45.81
1702646819 0.4733 3.0 45.81
1702646835 0.4733 3.0 45.81
1702646851 0.4732 3.0 45.81
1702646867 0.4732 3.0 45.8
1702646883 0.4733 3.0 45.8
1702646900 0.4733 3.0 45.8
1702646916 0.4733 3.0 45.8
1702646932 0.4733 3.0 45.8
1702646948 0.4733 3.0 45.8
1702646964 0.4733 3.0 45.79
1702646981 0.4733 3.0 45.79
1702646997 0.4733 3.0 45.79
1702647013 0.4733 3.0 45.79
1702647029 0.4733 3.0 45.79
1702647045 0.4733 3.0 45.79
1702647062 0.4733 3.0 45.79
1702647078 0.4733 3.0 45.79
1702647094 0.4733 3.0 45.78
1702647110 0.4733 3.0 45.78
1702647126 0.4733 3.0 45.78
1702647143 0.4733 3.0 45.78
